1,0.30332,0.56398,0.063981,0.066351,0,0.0023697
1,0.20408,0.62245,0.15306,0.020408,0,0
1,0.46026,0.31457,0.13907,0.039735,0.0016556,0.044702
1,0.30781,0.12813,0.39028,0.13255,0.017673,0.023564
1,0.17105,0.11184,0.25,0.36842,0.0065789,0.092105
1,0.15963,0.066055,0.33394,0.35596,0.018349,0.066055
2,0.30332,0.0023697,0,0.063981,0.56398,0.066351
2,0.15963,0.066055,0.018349,0.33394,0.066055,0.35596
2,0.17105,0.092105,0.0065789,0.25,0.11184,0.36842
2,0.46026,0.044702,0.0016556,0.13907,0.31457,0.039735
2,0.20408,0,0,0.15306,0.62245,0.020408
2,0.30781,0.023564,0.017673,0.39028,0.12813,0.13255
3,0,0,0.125,0.36,0,0.515
3,0.21481,0.051852,0.6,0.055556,0,0.077778
3,0.11447,0.47084,0.049676,0,0.36501,0
3,0.65322,0.018916,0.021438,0.046658,0.14628,0.11349
3,0,0,0.2803,0.2197,0,0.5
3,0.41589,0.010903,0.051402,0.0046729,0.14486,0.37227
4,0.34319,0.11311,0,0.26864,0.030848,0.24422
4,0,0.89474,0,0,0,0.10526
4,0.0125,0.89687,0,0.003125,0,0.0875
4,0.24098,0.19481,0,0.29004,0.093795,0.18038
4,0.085511,0.33492,0,0.061758,0.021378,0.49644
4,0.232,0.276,0,0.048,0,0.444
5,0.9,0,0,0,0,0.1
5,0.19914,0.28797,0.093123,0,0.23926,0.18052
5,0.33571,0.061905,0.021429,0,0.085714,0.49524
5,0.89687,0.003125,0,0,0.0125,0.0875
5,0.10622,0.27073,0.031088,0,0.34585,0.24611
5,0.276,0.048,0,0,0.232,0.444
6,0.47797,0.023729,0,0.061017,0.094915,0.34237
6,0,0.89163,0.038023,0,0,0.070342
6,0.0018248,0.60766,0.12044,0,0,0.27007
6,0.16418,0,0,0.25622,0.5796,0
6,0.13994,0,0,0.34434,0.45755,0.058176
6,0.24731,0,0,0,0.032258,0.72043
7,0.72043,0.23656,0.032258,0,0.010753,0
7,0.32248,0.47557,0.11401,0.071661,0.016287,0
7,0.049128,0.1458,0.47227,0.33281,0,0
7,0,0.1688,0.58056,0.25064,0,0
7,0.073446,0,0,0,0.88889,0.037665
7,0.28702,0.0018282,0,0,0.59049,0.12066
8,0.46481,0,0.23333,0.20185,0.037037,0.062963
8,0,0.40678,0,0.012712,0.47881,0.10169
8,0.23625,0,0.65049,0.05178,0.0064725,0.055016
8,0.19275,0.026718,0.089695,0.43511,0.068702,0.18702
8,0.043321,0.097473,0,0.22022,0.15884,0.48014
8,0.10261,0.034202,0.02443,0.30293,0.13355,0.40228
9,0.46481,0.20185,0.037037,0,0.23333,0.062963
9,0.19275,0.43511,0.068702,0.026718,0.089695,0.18702
9,0.043321,0.22022,0.15884,0.097473,0,0.48014
9,0,0.012712,0.47881,0.40678,0,0.10169
9,0.23625,0.05178,0.0064725,0,0.65049,0.055016
9,0.10261,0.30293,0.13355,0.034202,0.02443,0.40228
10,0.40228,0.02443,0.13355,0.034202,0.10261,0.30293
10,0.055016,0.65049,0.0064725,0,0.23625,0.05178
10,0.48014,0,0.15884,0.097473,0.043321,0.22022
10,0.10169,0,0.47881,0.40678,0,0.012712
10,0.062963,0.23333,0.037037,0,0.46481,0.20185
10,0.18702,0.089695,0.068702,0.026718,0.19275,0.43511
11,0.18142,0.30088,0,0.0088496,0.38496,0.12389
11,0.090416,0.18083,0.037975,0.14105,0.14828,0.40145
11,0,0.23704,0.096296,0.19259,0.014815,0.45926
11,0,0.099029,0.41165,0.33398,0.083495,0.071845
11,0.09462,0.41002,0.0092764,0.1243,0.17254,0.18924
11,0.039474,0.097744,0.097744,0.47368,0.12782,0.16353
12,0.17254,0.41002,0.18924,0.1243,0.0092764,0.09462
12,0.14828,0.18083,0.40145,0.14105,0.037975,0.090416
12,0.12782,0.097744,0.16353,0.47368,0.097744,0.039474
12,0.083495,0.099029,0.071845,0.33398,0.41165,0
12,0.014815,0.23704,0.45926,0.19259,0.096296,0
12,0.38496,0.30088,0.12389,0.0088496,0,0.18142
13,0,0,0.73333,0,0.26667,0
13,0.086667,0.16,0.08,0.36667,0.14,0.16667
13,0,0.35789,0.010526,0.16842,0.094737,0.36842
13,0,0.10218,0.020666,0.40528,0.34214,0.12974
13,0,0.08628,0.10042,0.15134,0.55446,0.1075
13,0.0015106,0.087613,0.028701,0.36556,0.16616,0.35045
14,0.16,0.08,0.16667,0.36667,0.086667,0.14
14,0.35789,0.010526,0.36842,0.16842,0,0.094737
14,0.087613,0.028701,0.35045,0.36556,0.0015106,0.16616
14,0.10218,0.020666,0.12974,0.40528,0,0.34214
14,0,0.73333,0,0,0,0.26667
14,0.08628,0.10042,0.1075,0.15134,0,0.55446
15,0.15947,0.49169,0.24419,0,0.10465,0
15,0.44737,0,0,0.23684,0,0.31579
15,0.33951,0,0.012346,0.32099,0.08642,0.24074
15,0.01321,0.44518,0.24571,0.005284,0.28666,0.003963
15,0.15842,0,0,0.11881,0.034653,0.68812
15,0.031123,0.28011,0.21651,0,0.4479,0.024357
16,0.3242,0.092846,0,0.28158,0,0.30137
16,0.28,0.4,0.12,0.04,0,0.16
16,0.0048544,0.86408,0,0,0.12621,0.0048544
16,0.20385,0.039554,0,0.45943,0,0.29716
16,0,0,0,0.54717,0,0.45283
16,0.034615,0.12692,0,0.31538,0.015385,0.50769
17,0.4,0.12,0.16,0.04,0,0.28
17,0.86408,0,0.0048544,0,0.12621,0.0048544
17,0.12692,0,0.50769,0.31538,0.015385,0.034615
17,0.039554,0,0.29716,0.45943,0,0.20385
17,0,0,0.45283,0.54717,0,0
17,0.092846,0,0.30137,0.28158,0,0.3242
18,0.28779,0.52907,0,0.063953,0.072674,0.046512
18,0.58369,0.077253,0.12017,0,0.055794,0.16309
18,0.034722,0.034722,0.0625,0.86806,0,0
18,0.52023,0.11561,0.12139,0.24277,0,0
18,0.11619,0.021014,0,0,0.6885,0.17429
18,0.015717,0.058939,0,0,0.6444,0.28094
19,0.6885,0,0.17429,0.11619,0.021014,0
19,0,0.24855,0,0.52023,0.10983,0.12139
19,0.6444,0,0.28094,0.015717,0.058939,0
19,0.072674,0.063953,0.046512,0.28779,0.52907,0
19,0.055794,0,0.16309,0.58369,0.077253,0.12017
19,0,0.86806,0,0.034722,0.034722,0.0625
20,0.20385,0,0.046154,0.26538,0.39231,0.092308
20,0.0082136,0.022587,0.25462,0.3039,0.41068,0
20,0.37292,0.035417,0.097917,0.22917,0.24375,0.020833
20,0.27105,0.028747,0.21766,0.11088,0.16016,0.2115
20,0.25243,0.067961,0.064078,0.22524,0.091262,0.29903
20,0.369,0,0,0.34317,0.02214,0.26568
21,0.022587,0.3039,0.25462,0.0082136,0.41068,0
21,0.028747,0.11088,0.21766,0.27105,0.16016,0.2115
21,0.035417,0.22917,0.097917,0.37292,0.24375,0.020833
21,0,0.26538,0.046154,0.20385,0.39231,0.092308
21,0.067961,0.22524,0.064078,0.25243,0.091262,0.29903
21,0,0.34317,0,0.369,0.02214,0.26568
22,0.022587,0.41068,0,0.3039,0.25462,0.0082136
22,0.067961,0.091262,0.29903,0.22524,0.064078,0.25243
22,0,0.02214,0.26568,0.34317,0,0.369
22,0.028747,0.16016,0.2115,0.11088,0.21766,0.27105
22,0.035417,0.24375,0.020833,0.22917,0.097917,0.37292
22,0,0.39231,0.092308,0.26538,0.046154,0.20385
23,0.31922,0.18567,0.016287,0.0032573,0.035831,0.43974
23,0.15482,0.23223,0.018957,0.0094787,0.25908,0.32543
23,0.041045,0.074627,0.17537,0.13806,0.31716,0.25373
23,0,0.084746,0.23729,0.38983,0.18644,0.10169
23,0.056799,0.11532,0.36145,0.067126,0.27711,0.1222
23,0.14264,0.18712,0.24847,0.0092025,0.16411,0.24847
24,0.31922,0.016287,0.43974,0.0032573,0.035831,0.18567
24,0.041045,0.17537,0.25373,0.13806,0.31716,0.074627
24,0.14264,0.24847,0.24847,0.0092025,0.16411,0.18712
24,0,0.23729,0.10169,0.38983,0.18644,0.084746
24,0.056799,0.36145,0.1222,0.067126,0.27711,0.11532
24,0.15482,0.018957,0.32543,0.0094787,0.25908,0.23223
25,0.069767,0.16279,0.11628,0.2093,0.18605,0.25581
25,0.012146,0.13158,0.18623,0.45344,0.12753,0.089069
25,0.060345,0.16379,0.5,0.043103,0.034483,0.19828
25,0.025641,0.13919,0.045177,0.26984,0.09768,0.42247
25,0.054393,0.21757,0.15063,0.159,0.17573,0.24268
25,0.027883,0.082383,0.064639,0.1052,0.4512,0.26869
26,0.17573,0.054393,0.24268,0.15063,0.21757,0.159
26,0.18605,0.069767,0.25581,0.11628,0.16279,0.2093
26,0.4512,0.027883,0.26869,0.064639,0.082383,0.1052
26,0.034483,0.060345,0.19828,0.5,0.16379,0.043103
26,0.12753,0.012146,0.089069,0.18623,0.13158,0.45344
26,0.09768,0.025641,0.42247,0.045177,0.13919,0.26984
